2 2 2 2 2 2 2 2 2 2 2 0 0 0 0 0 0 0 0 0 0 0 0 0 0 0 0 0 0 0 0 0 0 0 0 0 0 0 0 0 0 0 0 0
2 2 2 2 2 2 2 2 2 2 2 0 0 0 0 0 0 0 0 0 0 0 0 0 0 0 0 0 0 0 0 0 0 0 0 0 0 0 0 0 0 0 0 0
2 2 1 1 1 1 1 1 1 2 2 0 0 0 0 0 0 0 0 0 0 0 0 0 0 0 0 0 0 0 0 0 0 0 0 0 0 0 0 0 0 0 0 0
2 1 1 1 1 1 1 1 1 1 2 0 0 0 0 0 0 0 0 0 0 0 0 0 0 0 0 0 0 0 0 0 0 0 0 0 0 0 0 0 0 0 0 0
2 1 1 1 1 1 1 1 1 1 2 0 0 0 0 0 0 0 0 0 0 0 0 0 0 0 0 0 0 0 0 0 0 0 0 0 0 0 0 0 0 0 0 0
2 1 1 1 1 1 1 1 1 2 2 0 0 0 0 0 0 0 0 0 0 0 0 0 0 0 0 0 0 0 0 0 0 0 0 0 0 0 0 0 0 0 0 0
2 1 1 1 1 1 1 1 1 2 2 0 0 0 0 0 0 0 0 0 0 0 0 0 0 0 0 0 0 0 0 0 0 0 0 0 0 0 0 0 0 0 0 0
10 1 1 1 1 1 1 1 1 2 2 0 0 0 0 0 0 0 0 0 0 0 0 0 0 0 0 0 0 0 0 0 0 0 0 0 0 0 0 0 0 0 0 0
10 1 1 1 31 1 1 1 1 2 2 0 0 0 0 0 0 0 0 0 0 0 0 0 0 0 0 0 0 0 0 0 0 0 0 0 0 0 0 0 0 0 0 0
10 1 1 1 1 1 1 1 1 2 2 0 0 0 0 0 0 0 0 0 0 0 0 0 0 0 0 0 0 0 0 0 0 0 0 0 0 0 0 0 0 0 0 0
2 1 1 1 1 1 1 1 1 2 2 0 0 0 0 0 0 0 0 0 0 0 0 0 0 0 0 0 0 0 0 0 0 0 0 0 0 0 0 0 0 0 0 0
2 1 1 1 1 1 1 1 1 2 2 0 0 0 0 0 0 0 0 0 0 0 0 0 0 0 0 0 0 0 0 0 0 0 0 0 0 0 0 0 0 0 0 0
2 1 1 1 1 1 1 1 1 2 2 0 0 0 0 0 0 0 0 0 0 0 0 0 0 0 0 0 0 0 0 0 0 0 0 0 0 0 0 0 0 0 0 0
2 1 1 1 1 1 1 1 2 2 2 0 0 0 0 0 0 0 0 0 0 0 0 0 0 0 0 0 0 0 0 0 0 0 0 0 0 0 0 0 0 0 0 0
2 2 2 2 2 2 2 2 2 2 2 0 0 0 0 0 0 0 0 0 0 0 0 0 0 0 0 0 0 0 0 0 0 0 0 0 0 0 0 0 0 0 0 0
2 2 2 1 1 1 1 1 2 2 2 0 0 0 0 0 0 0 0 0 0 0 0 0 0 0 0 0 0 0 0 0 0 0 0 0 0 0 0 0 0 0 0 0
2 2 2 15 15 15 15 15 2 2 2 2 2 2 2 14 14 14 14 2 2 2 2 2 2 2 10 10 10 10 2 2 2 2 2 2 2 10 10 10 10 2 2 2
2 1 1 1 1 1 1 1 1 1 2 2 2 2 2 1 1 1 1 2 2 2 2 2 2 2 1 1 1 1 2 2 2 2 2 2 2 1 1 1 1 2 2 2
2 1 1 1 1 1 1 1 1 1 2 2 2 1 1 1 1 1 1 1 2 2 2 2 1 1 1 1 1 1 1 2 2 2 2 1 1 1 1 1 1 1 2 2
2 1 1 1 1 1 1 1 1 1 2 2 2 1 1 1 1 1 1 1 1 2 2 2 1 1 1 1 1 1 1 2 2 2 2 1 1 1 1 1 1 1 2 2
2 1 1 1 1 1 1 1 1 1 2 2 2 1 1 1 1 1 1 1 1 2 2 2 1 1 1 1 1 1 1 2 2 2 2 1 1 1 1 1 1 1 2 2
2 1 1 1 1 1 1 1 1 1 15 14 2 1 1 1 1 1 1 1 2 15 1 2 1 1 1 1 1 1 1 2 15 1 2 1 1 1 1 1 1 1 2 2
2 1 1 1 1 1 1 1 1 1 15 14 2 1 1 1 1 1 1 1 2 15 1 2 1 1 1 1 1 1 1 2 15 1 2 1 1 1 1 1 1 1 2 2
2 1 1 1 1 1 1 1 1 1 15 14 2 1 1 1 1 1 1 1 2 15 1 2 1 1 1 1 1 1 1 1 15 1 2 1 1 1 1 1 1 1 1 2
2 1 21 1 1 1 1 1 1 1 15 14 1 1 1 1 1 1 1 1 1 15 1 1 1 1 1 1 1 23 1 1 15 1 1 1 1 1 1 1 1 22 1 2
2 1 1 1 1 1 1 1 1 1 15 14 2 1 1 1 1 1 1 1 2 15 1 2 1 1 1 1 1 1 1 2 15 1 2 1 1 1 1 1 1 1 2 2
2 1 1 1 1 1 1 1 1 1 2 2 2 1 1 1 1 1 1 1 2 2 2 2 1 1 1 1 1 1 1 2 2 2 2 3 1 1 1 1 1 1 2 2
2 1 1 1 1 1 1 1 1 1 2 2 2 1 1 1 1 1 1 1 2 2 2 2 1 1 1 1 1 1 1 2 2 2 2 1 1 1 1 1 1 1 1 2
2 1 1 1 1 1 1 1 1 1 2 2 2 1 1 1 1 1 1 1 2 2 2 2 1 1 1 1 1 1 1 2 2 2 2 1 1 1 1 1 1 1 1 2
2 1 1 1 1 1 1 1 1 1 2 2 2 1 1 1 1 1 1 1 2 2 2 2 1 1 1 1 1 1 1 2 2 2 2 1 1 1 1 1 1 1 2 2
2 1 1 1 1 1 1 1 1 1 2 2 2 2 2 1 1 1 1 2 2 2 2 2 2 2 1 1 1 1 1 1 2 2 2 2 2 2 2 2 2 2 2 2
2 2 2 2 2 2 2 2 2 2 2 2 2 2 2 10 10 10 10 2 2 2 2 2 2 2 10 10 10 10 2 2 2 2 2 2 2 2 2 2 2 2 2 2
