28 31 16 3 25 13 13 24 42 10 0
37 16 25 25 25 42 29 25 25 1 6
7 13 5 40 29 29 25 6 6 34 38
38 25 25 29 25 25 25 1 13 37 42
42 14 11 42 29 25 42 29 29 25 23
11 16 25 25 25 25 29 38 21 25 38
25 4 25 25 25 29 29 25 38 29 15
31 36 11 25 25 38 25 29 42 42 6
4 30 42 25 38 31 29 29 29 6 30
10 21 14 25 24 3 11 38 11 32 15
38 30 24 6 6 6 29 29 0 31 29
33 25 29 38 11 29 29 32 32 29 6
33 29 29 25 25 29 25 24 38 10 0
38 30 3 6 38 22 18 11 38 38 38
15 40 30 24 4 3 6 23 0 19 0
11 11 40 11 38 32 32 32 24 18 0
