29 10 10 33 38 10 16 33 16 13 23
23 29 11 1 26 6 6 38 13 38 30
33 4 29 37 29 42 25 38 6 37 30
11 30 42 29 25 25 29 29 25 1 6
2 11 24 29 29 29 29 25 29 13 8
30 3 42 42 25 25 25 25 25 25 29
25 30 11 42 29 25 29 29 29 29 10
30 29 42 11 11 24 40 24 21 37 9
15 30 25 25 29 29 42 6 23 23 6
25 30 41 11 11 25 31 11 25 21 30
14 42 25 25 25 23 29 4 10 21 10
14 25 23 11 25 11 15 24 10 23 38
3 18 11 11 40 23 32 38 10 29 6
23 25 15 32 25 25 38 32 38 27 13
15 15 40 30 31 25 6 31 22 3 6
11 11 40 11 11 32 27 29 32 38 27
